217
180
235
240
216
200
249
190
317
270
296
283
275
262
260
286
226
362
336
333
244
331
234
228
279
203
348
222
260
228
6
353
275
324
366
394
386
324
319
327
284
327
330
261
258
443
410
254
336
292
342
271
204
427
276
279
230
263
458
318
308
272
233
317
248
304
329
255
340
270
262
308
247
296
219
202
265
240
291
406
233
790
262
226
278
284
238
164
238
245
293
276
310
287
283
325
282
271
315
656
284
345
371
467
226
381
346
250
380
754
239
382
294
335
314
313
284
229
244
304
345
356
324
291
300
309
266
263
333
307
249
0
219
233
234
219
193
214
262
276
220
229
208
261
287
232
385
279
217
208
196
310
244
0
298
241
281
0
249
285
290
382
270
298
287
301
262
284
286
239
295
249
271
279
385
362
303
317
404
380
489
375
474
424
267
280
249
277
296
286
272
280
274
270
285
220
246
229
270
313
287
315
263
282
267
223
235
320
291
337
272
235
298
303
824
269
310
249
374
351
258
256
257
224
229
200
377
210
218
416
198
364
313
438
390
309
646
392
399
416
315
210
222
297
274
317
416
250
238
275
244
263
271
465
285
322
429
248
418
418
299
273
220
304
280
295
339
274
246
291
245
295
355
402
312
285
265
267
218
266
293
313
230
370
403
258
456
282
341
387
317
232
242
257
238
278
285
255
329
315
281
275
269
341
249
281
237
235
240
396
221
226
243
235
328
265
449
321
520
540
612
509
334
257
313
280
286
373
323
274
263
332
226
308
287
297
251
393
425
329
333
318
274
294
275
281
299
316
281
295
232
311
69
409
308
286
426
269
301
334
294
300
278
284
417
290
297
395
378
320
