229
207
254
259
199
227
353
195
346
288
286
285
304
261
295
308
244
364
344
321
257
385
250
253
299
196
613
220
268
252
21
403
311
361
422
399
436
363
376
361
315
0
0
0
0
0
0
0
0
329
205
432
293
477
250
311
476
337
306
277
252
330
263
327
345
256
349
279
289
330
245
326
247
231
300
264
329
411
279
818
284
245
288
299
264
165
232
269
307
307
351
310
323
352
322
321
356
633
310
380
386
465
247
383
359
258
393
745
270
375
287
368
344
310
286
275
266
312
362
375
365
318
310
326
281
282
393
342
282
0
228
239
240
214
203
211
288
290
229
242
211
289
323
264
387
405
240
234
219
312
242
0
321
210
303
0
253
272
251
379
289
335
308
326
286
299
311
262
309
318
306
297
409
372
327
306
470
404
473
399
492
435
281
313
255
296
850
320
302
287
280
270
266
280
243
251
224
259
313
283
340
290
295
298
274
280
338
363
343
396
0
0
0
0
0
0
0
271
276
234
240
207
410
206
225
435
206
387
304
464
406
281
647
399
415
430
337
226
476
312
285
421
267
494
272
584
396
289
536
271
332
439
250
429
428
313
241
321
284
294
464
286
272
328
258
317
355
421
319
296
278
283
228
296
317
297
224
372
425
255
450
274
334
428
345
231
251
265
255
321
332
296
407
340
447
322
281
354
271
288
256
252
234
663
236
247
264
239
352
260
490
327
578
626
503
349
279
343
292
291
387
363
273
264
361
250
325
329
314
296
430
467
375
364
329
295
308
299
281
306
333
294
307
251
370
0
419
325
288
443
301
319
362
302
310
287
288
425
298
309
426
386
356
