626
745
911
188
474
496
120
435
1030
970
686
577
245
628
674
609
396
460
393
535
974
593
819
405
523
222
222
632
952
519
775
581
395
536
872
882
428
1025
1011
1007
607
567
730
381
364
347
456
577
317
601
585
551
556
270
418
321
436
434
353
551
341
417
291
471
364
496
447
424
501
638
664
407
566
197
492
371
711
385
682
345
615
398
711
372
339
760
592
544
655
732
771
757
529
236
528
503
452
422
505
443
293
595
137
236
442
617
526
437
450
343
388
656
381
169
437
725
435
396
550
415
363
350
262
292
342
234
414
247
313
233
344
409
363
350
346
308
205
802
696
436
517
460
469
739
335
242
233
608
279
276
330
278
354
363
897
341
452
383
436
393
560
360
493
557
533
776
840
339
650
652
649
493
398
458
378
778
475
600
347
385
381
321
317
295
437
427
336
389
330
447
419
503
332
314
409
395
454
403
430
583
451
284
561
240
572
219
196
353
331
300
405
225
485
666
228
360
385
581
192
573
283
379
430
410
358
401
76
428
280
341
256
393
266
317
562
331
301
239
282
361
974
126
966
82
924
168
144
146
1037
1093
1140
1063
1035
1076
917
1052
109
1047
247
1028
843
1203
1115
1078
1043
1026
1078
682
1206
834
908
1037
1017
144
825
1036
1079
1175
1039
281
291
469
305
241
349
667
618
511
672
699
507
570
625
643
699
654
500
343
372
599
555
544
838
709
516
376
371
507
352
517
474
442
486
467
510
708
660
509
503
422
631
426
383
560
516
638
558
606
394
478
405
524
666
306
474
497
447
466
593
424
332
541
1046
149
1085
876
414
578
489
355
336
149
648
453
301
281
590
654
253
518
712
583
740
379
545
446
373
504
387
806
319
240
597
717
408
422
384
706
613
686
236
507
886
232
741
762
683
575
228
405
214
630
665
209
709
466
1015
487
989
245
204
540
445
394
307
447
502
580
319
669
716
481
418
423
625
460
326
43
327
183
675
104
42
295
121
42
402
314
32
43
29
404
35
565
253
61
40
240
33
34
171
714
977
931
972
982
884
977
879
1005
975
624
139
208
289
653
486
554
1086
533
194
715
1076
992
913
839
759
561
534
1011
981
461
1058
167
1010
234
201
652
821
1146
452
394
575
458
539
374
340
553
396
441
338
376
534
489
497
589
659
203
235
554
465
481
537
379
481
472
792
677
588
455
414
602
511
419
495
255
407
337
486
498
540
403
628
284
610
652
445
557
423
510
600
529
388
623
193
237
495
279
288
341
275
472
489
475
574
446
462
464
498
493
595
101
452
120
327
358
361
306
331
443
448
399
573
586
970
222
607
380
681
534
188
553
473
421
716
951
460
788
717
163
795
230
935
442
914
946
1027
1031
368
1007
668
275
905
301
611
708
890
787
458
578
231
295
254
224
445
359
339
211
316
342
359
325
354
273
352
309
238
447
226
406
350
312
545
347
222
434
228
311
311
505
303
317
664
546
339
358
374
247
318
159
153
509
456
193
696
370
390
495
524
253
261
731
407
201
360
409
328
446
444
412
204
303
418
297
214
794
180
699
460
219
313
358
626
459
266
327
874
211
157
444
143
804
178
329
610
267
308
1010
944
203
1204
1207
537
921
533
272
240
1206
1206
527
1022
325
248
32
1205
323
220
941
981
210
1043
191
1205
862
282
1206
303
1202
217
280
623
816
324
827
681
745
513
278
578
750
505
480
431
269
284
312
385
696
245
747
7
809
695
526
694
519
784
443
611
369
824
172
1026
708
835
444
432
11
668
283
307
255
616
472
864
673
854
829
326
254
390
546
801
474
538
785
497
571
770
542
789
312
482
634
1049
890
508
570
458
1062
180
515
447
748
967
763
347
358
365
495
1000
256
197
642
242
448
621
892
222
991
154
602
552
744
198
652
262
44
396
239
406
593
148
316
296
805
523
372
436
455
342
561
765
623
534
248
422
255
716
351
423
494
630
647
507
334
494
639
320
436
489
659
391
358
447
440
352
416
584
306
407
442
442
549
389
398
271
421
314
436
529
424
408
276
387
405
353
330
507
339
189
139
523
304
279
337
430
343
459
297
397
286
457
298
309
385
343
329
591
283
273
331
342
282
266
332
554
257
269
318
316
432
301
402
403
417
498
295
275
422
324
552
596
507
482
976
330
527
497
738
443
360
589
465
598
451
458
364
650
616
276
625
311
451
366
402
386
504
503
657
363
284
320
479
429
484
440
528
332
519
918
247
169
449
276
1148
951
793
123
883
854
799
857
915
934
800
141
946
532
829
540
791
529
192
838
847
928
770
223
449
894
842
1032
1060
982
1041
519
978
935
888
595
959
1033
981
212
1043
1009
1049
1039
891
729
1032
792
846
580
388
599
444
700
574
1038
672
598
1024
820
711
789
219
537
410
848
814
1105
650
1043
706
845
812
299
612
332
245
582
567
609
654
694
322
509
436
622
502
514
501
290
529
550
583
370
321
238
559
494
600
450
275
794
292
344
398
233
255
367
714
381
296
471
558
319
397
389
358
526
507
344
407
299
445
301
341
348
410
522
364
374
415
386
442
326
423
403
412
255
323
476
223
0
397
245
193
270
456
379
228
465
287
508
412
550
647
368
476
312
353
487
319
453
366
335
541
455
479
425
433
401
596
283
495
374
432
370
217
356
429
410
251
282
291
318
170
347
393
494
420
434
427
500
524
459
218
392
523
636
441
635
605
570
528
510
517
451
520
486
481
535
534
477
478
536
454
614
468
589
475
535
572
600
614
687
547
442
580
621
491
596
541
424
465
650
429
424
246
467
618
370
316
225
104
723
40
734
712
621
431
403
526
573
692
328
295
506
295
420
396
579
338
474
447
408
493
499
554
260
329
349
209
537
582
310
301
451
890
122
98
978
41
341
1048
321
829
892
919
1202
987
1131
1029
1206
758
510
331
686
1040
970
416
1205
971
864
414
559
668
742
612
564
225
934
718
806
454
392
0
100
383
488
626
402
627
293
301
336
408
261
811
615
281
395
566
578
520
322
393
225
321
410
266
180
289
340
358
296
352
960
737
191
235
340
484
293
437
523
345
834
701
505
235
489
1030
828
434
425
296
326
478
472
358
575
301
528
318
332
1032
461
808
1133
814
560
936
462
899
458
660
241
211
928
505
287
382
0
358
387
336
436
395
426
534
272
455
437
314
594
428
382
369
281
403
397
301
336
464
366
519
718
405
250
245
433
652
303
275
648
591
69
281
561
461
352
281
562
421
470
347
313
276
494
443
625
357
478
477
216
247
405
710
428
258
256
568
298
468
626
366
213
290
330
280
206
211
179
648
351
255
146
274
230
620
407
288
244
372
403
464
859
316
1016
182
710
547
929
342
880
788
963
462
531
681
502
482
259
693
312
585
527
840
634
888
718
830
574
946
303
603
667
1001
825
1027
527
463
655
459
539
597
328
444
114
580
160
437
528
910
381
951
801
166
831
890
976
1046
910
1091
955
871
428
476
176
1010
638
214
232
445
437
761
136
474
368
909
321
782
579
505
254
548
304
443
246
361
505
298
446
296
393
373
470
588
576
348
293
211
345
386
327
332
359
391
682
380
297
375
468
291
346
309
388
216
339
316
324
285
325
445
368
343
