497
741
893
157
493
479
784
434
1028
971
648
526
690
628
573
547
618
426
379
540
378
582
796
126
528
206
225
575
723
496
747
585
377
516
880
893
418
1052
1021
1013
295
544
682
357
366
325
461
572
312
622
583
546
344
272
399
338
440
413
366
549
328
409
288
506
352
492
459
382
480
412
677
389
542
183
463
357
613
593
79
435
571
405
399
375
358
92
154
216
70
484
34
175
376
244
566
636
292
451
501
416
312
566
146
113
413
598
737
447
232
307
627
440
64
185
406
716
584
791
638
449
339
333
271
287
327
225
381
255
288
236
353
411
350
356
505
344
212
809
685
457
527
446
450
721
321
254
237
594
248
301
351
468
250
139
835
648
47
473
451
383
532
318
264
308
486
168
796
278
630
621
642
453
284
426
362
742
402
598
325
331
342
312
317
275
405
424
346
391
504
452
429
510
344
309
403
401
454
370
442
580
0
0
0
0
0
0
0
0
0
0
0
0
0
0
0
0
0
0
0
0
0
0
0
0
0
0
0
0
0
0
0
0
0
0
0
0
0
0
0
0
838
136
924
935
951
128
125
109
1027
1092
1123
1080
1026
1051
910
1062
125
1053
251
1055
789
1206
1077
1081
1097
1051
1062
783
1003
860
933
1030
988
129
821
1052
1087
1139
1026
283
293
478
329
262
526
675
625
535
653
676
502
494
560
649
298
630
435
390
326
613
537
548
850
675
494
622
360
515
375
516
461
426
494
457
494
697
665
506
508
409
607
441
401
595
552
620
604
615
397
490
396
529
657
300
473
460
442
462
586
437
334
565
1043
305
1047
283
414
659
478
319
331
149
136
617
840
293
591
658
451
636
495
63
260
100
570
453
286
496
381
805
301
212
618
700
435
421
299
689
614
703
216
517
866
224
716
745
685
528
223
398
231
637
667
213
645
449
950
443
959
241
752
601
456
565
613
488
492
417
502
561
496
455
367
443
498
490
549
603
620
119
664
551
593
634
539
454
345
458
458
452
116
218
86
571
305
104
142
440
122
91
188
706
983
902
930
950
900
955
847
814
936
664
150
210
261
621
440
413
1073
580
186
717
1044
855
897
838
715
527
530
1002
962
456
1029
221
983
250
212
665
1014
1091
94
149
111
169
173
116
111
101
74
255
366
378
479
494
493
635
672
171
212
512
461
448
537
333
474
280
788
638
596
438
393
639
460
373
453
263
349
287
436
463
500
385
581
285
605
531
423
520
352
507
579
497
373
368
217
282
480
281
255
300
232
434
355
404
547
410
416
425
450
493
559
557
867
394
407
1187
727
357
396
534
295
356
530
542
958
219
614
371
645
529
240
535
480
456
722
912
500
797
872
149
792
274
932
416
873
912
1008
1024
311
967
648
311
965
205
274
487
1205
1202
700
588
81
320
284
114
572
70
68
94
158
90
391
318
86
235
372
262
238
395
203
325
352
318
546
242
66
397
199
312
320
504
294
299
736
538
347
363
356
252
332
179
100
516
461
210
676
348
282
466
524
243
233
678
387
205
341
412
326
460
435
463
199
311
425
311
203
721
179
671
444
228
325
335
625
413
243
308
869
200
173
408
165
816
832
357
735
890
327
978
918
227
1168
962
528
844
268
911
468
1206
1206
562
1047
324
209
75
1205
320
892
937
947
230
991
224
1205
838
289
393
191
1202
209
287
634
777
322
820
377
729
536
316
616
720
490
476
423
288
326
311
357
679
248
739
933
800
684
474
705
508
776
294
690
323
879
134
1105
682
838
443
537
419
678
244
293
237
602
448
839
652
830
844
311
270
366
549
824
492
526
801
499
580
803
558
815
320
457
107
164
891
451
518
467
1053
208
514
463
764
946
799
195
371
363
503
145
213
783
351
217
434
654
947
186
988
870
50
575
768
511
726
199
606
372
234
405
641
146
324
320
797
718
339
435
447
330
535
735
794
534
424
380
250
657
662
398
485
638
672
518
325
494
650
320
448
483
656
392
369
403
450
345
412
588
279
401
446
426
520
373
378
271
420
309
444
542
438
383
282
388
384
336
330
407
345
953
899
671
865
195
686
353
202
434
799
367
222
401
249
255
368
324
258
682
655
893
618
833
860
232
324
560
251
215
276
376
455
336
441
420
440
709
323
313
605
0
0
0
0
0
0
0
0
0
0
0
0
0
0
0
0
0
0
0
0
0
0
0
0
0
0
0
0
0
0
0
0
0
0
0
0
0
0
0
0
896
257
149
386
268
1164
942
779
1011
829
834
809
836
955
910
779
150
1102
532
838
522
827
514
113
827
854
920
755
176
446
902
839
1049
1037
981
986
549
969
918
886
582
956
1028
981
209
1066
1013
1067
1003
901
721
1021
793
768
561
403
589
431
725
567
1050
643
612
1009
821
730
815
213
548
417
873
834
1101
752
1036
689
836
703
286
390
846
215
297
240
464
590
455
223
523
513
658
503
737
531
329
645
580
587
372
315
213
563
486
588
417
245
790
301
368
419
182
343
562
736
292
290
505
417
329
398
445
353
524
518
359
414
319
447
351
355
362
437
487
366
346
371
410
427
310
414
417
403
243
301
457
222
0
453
213
189
241
422
354
197
513
189
642
468
1088
1202
355
432
276
316
455
299
460
369
303
508
431
447
420
421
403
554
249
480
419
408
363
236
272
431
386
261
305
269
347
230
326
410
525
426
436
444
502
577
468
209
429
566
651
445
637
601
569
546
503
496
463
516
473
484
531
530
455
481
541
463
609
484
578
509
517
574
599
598
660
550
455
561
636
471
561
532
381
439
570
410
423
218
469
594
382
329
232
416
690
647
707
413
598
446
405
518
528
658
336
296
472
295
410
392
564
331
440
433
412
464
509
531
240
316
316
187
258
402
132
674
447
111
95
928
978
69
357
1053
326
848
902
903
1202
941
1131
1206
818
837
509
0
696
1054
970
228
1205
1035
587
349
517
608
344
622
578
134
891
763
852
385
377
0
445
45
212
557
288
574
279
288
396
358
232
790
539
230
332
531
503
523
283
334
239
386
413
267
468
672
427
307
223
305
942
538
803
576
309
1170
831
486
775
816
748
697
509
227
492
978
746
450
433
303
344
483
473
353
582
309
522
329
332
113
0
728
1084
793
524
856
458
821
328
602
235
176
922
503
257
303
0
289
418
531
728
806
761
943
858
732
896
349
923
78
556
161
329
461
359
249
285
455
372
399
701
383
279
182
434
636
316
215
253
508
151
237
431
258
194
392
456
101
13
299
326
269
435
420
639
385
503
475
184
247
422
708
444
241
260
564
268
456
602
399
199
279
324
261
148
196
171
652
257
281
210
164
281
655
163
335
250
348
381
530
830
607
0
185
0
406
921
355
452
759
0
216
449
676
487
485
260
126
310
598
536
843
632
945
0
352
557
939
964
980
0
1203
268
1207
754
585
0
595
0
0
295
417
260
561
166
458
510
972
381
950
806
142
845
939
957
1098
902
1101
973
851
435
477
185
987
608
153
201
429
226
848
809
481
280
921
277
765
252
531
229
550
295
422
220
383
506
317
398
301
379
375
491
614
580
339
258
189
331
377
302
290
325
372
635
353
292
351
466
253
337
307
325
144
302
276
292
227
282
390
310
312
