173
163
154
203
171
132
149
159
150
178
200
187
223
235
265
211
204
211
238
201
184
180
188
177
175
185
197
194
189
176
179
197
197
219
168
204
195
170
182
179
209
192
178
206
224
181
224
189
233
251
150
135
204
162
226
168
155
187
188
272
199
226
234
225
187
182
178
198
248
154
154
166
162
162
148
133
153
158
142
208
159
198
213
243
235
229
252
196
220
276
187
181
189
262
240
212
203
224
188
246
170
170
227
163
195
201
209
170
267
413
233
241
209
267
220
262
433
214
283
232
241
255
309
256
187
227
201
222
133
189
200
210
201
187
192
189
182
171
175
200
231
252
171
195
175
177
180
203
134
243
247
137
157
165
140
146
214
228
189
195
175
205
193
221
167
204
170
171
175
213
203
180
199
200
209
176
182
174
191
237
122
162
147
256
208
199
181
215
197
228
191
179
197
164
144
233
657
243
266
233
228
229
232
204
255
185
176
196
19
175
176
170
162
154
165
251
240
263
249
209
224
220
275
206
243
210
201
207
185
310
167
174
177
186
214
200
192
171
164
194
216
201
224
205
162
215
231
222
230
327
201
181
204
230
210
194
225
199
252
184
201
226
201
193
199
180
194
185
192
180
245
203
235
204
184
196
155
133
163
161
302
177
258
130
234
211
218
227
219
194
191
209
251
221
309
226
208
207
201
189
204
192
179
191
205
220
207
199
251
231
130
191
235
214
271
220
113
208
213
189
198
280
305
203
217
205
294
206
202
213
245
181
194
218
180
231
172
255
248
223
216
229
187
157
188
183
233
190
258
190
135
232
316
213
177
154
208
183
174
162
271
230
