454
211
161
234
207
166
140
162
171
235
194
194
224
237
285
252
217
218
240
193
191
205
229
180
190
191
192
202
197
203
229
211
207
247
174
222
208
186
188
192
251
210
196
226
243
203
261
206
242
264
152
143
371
172
228
179
158
404
207
282
210
244
252
227
202
212
204
214
273
176
160
163
171
179
163
147
167
169
156
232
149
193
200
256
246
228
258
197
226
314
180
195
198
268
253
238
228
254
185
271
193
182
250
190
219
218
209
191
273
432
233
267
229
277
241
273
438
211
305
247
271
264
317
284
219
258
241
227
170
212
260
230
216
211
179
195
213
192
208
221
253
272
178
200
165
181
192
223
136
240
260
158
220
189
158
183
230
246
212
210
191
229
221
235
188
229
170
196
249
224
199
233
191
216
164
181
158
192
257
136
194
156
253
228
216
176
239
267
226
223
192
188
170
148
250
644
198
273
241
248
248
242
220
274
201
184
201
12
185
180
186
144
163
201
253
225
253
303
312
242
303
292
259
283
286
301
302
230
283
236
297
228
297
196
265
215
205
310
251
236
182
203
224
192
226
196
181
209
257
299
358
220
120
268
324
314
328
398
324
356
312
330
206
251
207
257
188
218
237
210
201
221
236
195
203
230
207
248
211
258
222
203
230
154
178
175
167
340
243
267
145
242
239
213
228
245
196
198
219
276
249
335
242
226
207
238
198
220
201
193
217
221
240
216
244
317
226
139
220
271
245
237
201
100
211
199
164
182
243
264
226
238
233
308
221
218
236
250
202
206
235
177
267
183
264
285
232
213
326
222
155
199
212
258
204
276
198
194
237
341
224
191
172
207
187
200
186
277
300