303
376
362
381
480
584
409
361
535
552
665
674
1
556
482
542
448
531
270
387
371
269
410
335
324
247
367
597
308
386
559
396
212
347
98
82
308
82
63
91
422
346
457
376
271
468
397
369
406
312
423
334
609
285
372
494
368
328
415
411
408
387
545
372
389
505
379
342
407
325
363
374
377
98
530
536
70
381
222
389
648
595
310
720
907
357
837
65
680
495
568
504
451
395
268
482
524
1065
467
427
454
403
347
527
566
498
494
487
267
588
557
474
404
719
455
1203
284
235
621
432
451
245
1
1
1
1
1
297
78
214
1
1
1
1
379
1
473
232
1
1
1
1
1
612
654
1
1
1
73
153
668
429
726
288
1
1
142
1
448
1
650
697
934
770
634
697
720
709
625
592
236
409
374
644
490
387
300
351
411
593
507
400
316
564
452
479
498
375
520
398
544
512
676
406
388
707
526
405
349
510
51
1206
172
714
1207
198
1205
289
1203
139
1206
375
1207
706
887
531
1
614
1
9
1
942
1
1042
1
703
1
430
1
788
1070
1
931
38
969
1
945
131
876
216
369
261
384
578
628
555
427
415
389
320
434
498
366
483
676
446
435
446
281
359
499
489
668
335
677
456
387
486
721
811
452
521
414
673
602
639
580
659
427
743
591
440
285
440
451
600
468
269
475
555
337
202
258
305
203
446
465
383
309
409
285
290
488
502
591
605
439
492
482
675
313
444
446
398
471
415
338
454
497
294
622
423
438
426
344
539
448
410
486
288
386
458
815
691
320
227
577
282
918
831
594
190
530
493
735
270
353
502
475
407
395
414
524
712
608
584
442
606
332
498
593
511
384
445
450
502
636
644
478
468
450
525
596
565
579
745
673
534
384
515
566
535
780
95
175
257
391
582
565
137
74
91
114
122
123
137
140
158
194
238
777
809
733
686
978
639
960
957
845
944
761
1207
813
934
628
1047
1050
900
1003
738
930
953
480
1017
520
553
716
764
820
816
1040
1206
1017
1105
652
643
956
944
945
1191
390
87
68
274
82
119
170
239
331
282
301
480
425
406
744
432
418
485
400
521
429
401
461
358
240
494
665
585
379
515
314
244
421
364
437
352
660
288
513
433
163
319
488
245
528
376
334
368
428
454
308
521
340
289
369
388
332
419
334
368
617
311
309
627
791
720
152
172
179
534
425
388
220
354
343
599
885
626
446
566
1
163
1
973
1
412
668
1
611
1011
1
285
651
297
157
1
1
103
1
1
1
1
1
1
1
1
1
1
1
1
1
1
1
1
1
1
1
923
459
1
125
326
390
326
373
55
634
336
657
591
664
305
325
245
238
269
322
378
155
293
564
230
369
258
425
330
129
166
233
464
370
169
395
283
475
530
746
644
956
931
436
894
683
501
149
649
567
624
278
402
505
581
523
411
361
461
550
463
162
295
420
540
527
390
634
256
256
235
506
209
254
501
376
706
627
296
225
246
111
562
696
563
549
238
552
889
386
541
433
378
699
481
297
889
702
440
410
605
472
344
333
461
293
502
401
345
439
308
622
233
547
277
404
424
515
391
411
247
127
650
616
929
969
887
591
971
898
861
856
977
939
1044
858
800
489
653
756
732
343
328
496
459
338
560
328
502
445
651
704
794
769
492
476
506
515
421
471
553
247
126
830
280
333
325
259
441
374
418
471
679
585
824
431
392
360
522
448
335
678
414
363
250
372
386
479
429
405
585
441
555
654
630
122
78
148
88
153
187
160
90
649
713
736
226
1040
647
627
1028
596
807
605
396
1042
673
689
796
507
296
934
1055
1053
663
654
1063
1033
1021
910
661
604
733
1038
593
736
619
1022
390
938
705
583
902
355
294
322
294
202
284
285
289
385
407
233
302
258
202
332
344
320
279
474
497
309
506
441
367
267
433
448
342
268
350
392
484
262
332
370
303
392
451
464
431
517
239
153
759
200
187
165
229
282
194
169
245
326
257
229
191
229
270
266
322
278
328
271
360
360
375
313
350
240
294
314
398
298
281
12
565
245
389
879
837
439
307
266
488
326
584
489
605
252
267
586
524
471
536
865
433
698
542
427
456
592
444
251
232
357
349
662
573
469
539
319
743
191
829
605
490
586
737
999
912
112
817
774
951
921
997
1067
887
621
325
291
270
279
605
540
413
668
460
211
471
340
449
462
506
626
562
176
534
499
334
456
528
606
493
427
609
637
735
456
463
1
1
1
1
1
1
1
1
1
1
1
1
1
1
1
1
1
1
1
1
1
1
1
1
157
512
983
275
1
820
613
494
382
739
508
340
526
542
528
1
684
899
944
203
312
480
479
445
307
393
451
644
587
439
507
435
479
617
697
316
386
564
397
350
370
304
200
379
416
363
335
369
225
391
337
638
866
231
467
856
1
1
1
1
1
1
1
1
1
1
1
1
1
1
1
1
1
1
1
1
1
1
1
1
1
1
1
1
1
1
1
1
1
1
1
417
1206
1207
1206
1205
447
396
461
497
448
569
486
411
563
436
382
418
518
583
397
429
426
514
628
467
543
413
642
662
461
646
476
512
583
453
408
374
507
237
291
408
553
503
680
330
328
727
790
464
731
849
665
1030
763
808
644
261
734
833
430
567
780
508
766
784
545
516
341
525
399
628
399
653
377
465
407
435
667
895
335
624
890
836
854
963
444
441
427
368
386
567
958
741
606
495
400
936
1017
186
672
579
783
1044
1112
669
1206
1113
418
412
801
505
480
495
636
1026
718
1011
1207
567
644
294
385
320
359
384
263
226
671
351
446
607
418
402
480
108
346
228
186
222
289
392
228
386
525
224
364
484
591
412
576
54
917
670
720
884
285
746
525
1207
982
1028
864
824
786
724
649
305
337
778
324
546
370
355
243
389
561
399
884
495
462
916
750
338
798
839
848
959
856
1012
805
770
143
670
811
807
570
414
244
921
565
102
1
379
217
542
262
427
435
693
831
664
739
502
621
425
351
741
456
416
415
575
595
213
285
398
535
578
659
210
544
403
142
222
419
321
520
389
418
580
564
256
12
72
769
733
490
111
312
65
687
133
411
324
263
281
192
334
186
363
221
280
243
209
234
216
489
340
452
545
286
416
187
652
699
718
673
604
244
242
296
410
423
757
277
58
462
383
317
337
643
552
381
246
251
557
351
635
515
835
872
225
507
580
337
598
824
1003
857
1006
1206
387
948
1002
934
924
1035
628
456
638
1207
1205
569
998
615
535
724
763
729
486
415
546
235
253
497
382
281
494
580
461
302
199
581
530
212
334
200
243
304
197
204
534
687
251
318
232
428
446
258
255
731
322
599
307
534
500
445
318
605
768
457
310
329
328
499
391
481
463
548
427
310
334
270
305
302
410
406
255
321
316
293
343
298
329
386
477
435
319
468
503
355
367
362
551
644
352
