352
388
465
422
527
607
432
395
577
573
692
661
737
462
436
515
450
394
361
430
342
352
480
403
362
279
389
609
328
417
591
389
240
377
328
332
273
489
501
511
440
365
457
390
279
460
393
372
437
342
477
348
632
294
413
505
355
335
520
410
420
390
518
439
528
482
558
424
406
316
359
365
373
391
518
509
334
372
559
381
529
562
390
464
874
323
338
494
517
693
482
335
461
418
295
497
512
120
523
468
494
389
321
521
567
506
340
464
316
574
539
318
390
707
404
1203
368
430
594
810
251
257
96
1
1
1
1
321
158
145
189
234
1
1
394
1
517
291
1
1
1
1
1
601
657
1
1
1
129
245
696
423
708
288
1
1
176
1
483
1
562
559
285
439
587
496
479
505
565
596
439
431
380
643
488
405
302
338
414
521
497
398
307
561
441
455
485
428
538
359
538
503
689
407
389
707
535
406
366
495
748
658
809
498
1045
956
1049
830
1100
1040
1069
823
1093
242
642
374
1061
640
1053
529
1001
994
1069
1067
953
323
756
509
1044
836
1073
814
194
801
983
988
943
862
155
797
380
289
380
557
617
574
449
435
381
342
430
496
371
487
660
441
439
445
290
367
499
486
642
337
672
484
365
497
723
836
439
531
429
662
586
652
594
662
418
762
619
440
289
467
440
606
496
341
465
592
470
213
265
294
225
464
479
393
296
430
272
299
508
511
604
581
405
497
471
696
321
442
453
284
462
407
331
414
495
285
653
442
448
436
368
533
431
421
490
283
375
465
818
704
317
717
575
279
917
833
660
194
499
484
746
253
329
509
472
441
400
405
627
741
618
577
454
566
327
507
626
550
417
354
468
399
638
665
334
362
468
546
490
554
333
330
682
539
40
42
554
440
721
303
49
151
373
32
254
271
34
50
286
110
228
276
115
492
107
152
779
814
732
686
969
642
970
962
699
933
734
1197
807
922
621
1040
1043
907
1009
77
915
937
484
1024
470
543
717
758
789
655
1023
1204
1027
1084
653
801
924
947
942
1127
442
317
550
368
511
413
608
337
435
501
447
491
399
397
728
425
428
489
404
558
434
407
483
318
246
528
657
540
417
586
373
313
472
432
451
364
707
359
601
460
547
372
278
319
363
427
342
335
420
458
279
495
402
366
445
443
350
441
306
398
653
350
313
557
529
733
448
640
731
528
411
327
347
407
324
573
861
650
468
550
956
164
782
997
1200
449
422
906
1015
1014
569
718
539
665
599
875
511
473
349
445
479
412
480
694
539
374
762
865
498
310
594
435
558
724
486
645
546
565
504
628
507
641
248
524
264
262
232
257
322
355
383
666
380
275
216
314
309
386
187
294
548
159
359
258
411
682
228
271
272
271
365
222
307
228
281
261
486
520
332
240
432
29
726
504
130
662
553
645
267
529
506
600
536
457
388
461
588
478
178
326
418
546
558
414
641
474
253
240
520
230
224
490
312
711
669
307
438
236
411
553
733
549
452
585
543
898
419
418
453
455
732
490
289
909
691
468
412
642
470
507
365
485
312
514
411
401
490
331
621
270
515
286
426
426
553
439
412
592
244
654
659
941
972
888
522
977
900
862
861
985
924
1034
870
781
488
650
757
731
332
308
503
461
321
551
326
491
430
632
698
827
748
470
485
537
531
430
481
591
243
699
869
289
353
366
249
466
368
418
500
674
584
841
428
385
375
568
482
377
650
457
352
271
376
373
489
441
399
601
427
571
668
622
442
470
399
303
343
287
547
654
692
682
764
245
1047
688
674
1053
647
775
642
383
1053
751
719
794
500
344
960
1056
1060
712
658
1072
1030
1046
919
674
635
713
1045
753
752
652
1022
322
937
730
676
878
429
333
356
304
300
318
318
295
401
443
238
298
264
204
310
319
313
289
511
513
307
514
456
385
260
454
432
307
282
334
377
439
292
313
418
304
384
468
456
434
520
291
216
213
265
237
207
269
293
229
211
296
344
288
233
235
262
257
298
410
293
360
274
363
364
373
311
359
260
294
337
412
286
273
404
380
353
362
333
353
477
330
294
492
348
588
548
613
294
278
589
513
463
569
871
435
667
535
412
482
611
423
611
441
616
402
664
604
484
536
314
716
185
847
727
432
555
822
1009
907
699
886
790
957
926
1012
1077
884
620
325
317
267
287
621
554
384
645
457
206
477
334
474
480
500
666
572
215
611
445
315
467
525
508
459
417
726
649
743
469
488
532
582
622
728
415
544
336
291
560
422
468
605
530
623
381
481
294
424
530
284
621
308
313
450
875
570
343
280
425
231
303
470
369
260
446
278
240
241
580
356
826
811
904
174
286
433
389
372
250
369
452
608
577
449
520
417
388
632
583
341
393
611
414
381
401
334
395
409
491
431
387
625
350
446
582
366
295
344
286
328
427
491
372
366
422
516
358
454
369
428
370
520
388
405
399
416
342
492
546
470
361
335
350
413
598
358
378
465
370
491
392
437
359
428
369
415
691
352
447
444
452
373
432
479
419
539
453
387
546
463
378
420
480
595
383
445
436
530
607
489
561
439
645
708
485
664
481
703
744
500
434
473
523
238
337
468
570
497
688
328
500
767
720
508
773
881
693
1019
761
817
657
258
749
774
424
576
743
483
795
760
597
586
332
536
393
620
415
745
354
443
368
424
668
914
321
613
845
846
846
962
426
441
434
348
397
581
967
718
617
479
376
954
1030
213
700
582
916
1050
1131
688
1206
1066
482
409
793
494
447
467
630
1025
715
1025
1207
541
625
369
380
315
533
395
391
454
645
410
755
658
401
556
462
266
264
283
245
251
307
419
282
384
520
243
388
461
246
597
247
272
316
574
97
912
287
563
656
770
196
613
388
551
445
466
658
320
392
765
388
554
379
382
276
408
574
425
876
496
513
880
744
304
826
958
922
958
900
997
826
738
178
733
786
828
556
403
267
390
566
724
1206
909
973
804
487
402
415
331
833
515
689
437
605
402
361
714
426
434
403
575
613
206
300
395
567
604
798
249
344
393
179
247
467
284
582
449
497
357
452
321
493
553
407
280
418
162
443
161
671
191
484
342
326
287
191
309
179
488
243
351
259
220
226
241
503
368
464
570
287
453
234
694
549
717
686
525
247
240
325
536
402
687
181
409
480
446
353
340
661
554
402
291
269
623
544
675
532
838
933
233
539
653
330
606
806
1016
849
1022
1158
413
945
984
941
937
1030
593
441
640
1207
1205
525
982
583
796
439
397
210
262
324
354
389
289
521
510
367
521
513
538
298
247
593
467
228
343
266
249
298
224
558
319
681
353
525
276
474
423
278
264
706
320
308
444
577
441
281
271
352
384
369
354
433
348
380
327
354
355
347
384
372
374
325
326
358
441
419
270
335
317
322
362
315
342
370
487
436
303
470
492
360
365
364
307
316
321
